[12.]
[12.  7.]
[12.  7.  7.]
[12.  7.  7.  6.]
[12.  7.  7.  6.  7.]
[12.  7.  7.  6.  7.  7.]
[12.  7.  7.  6.  7.  7. 12.]
[12.  7.  7.  6.  7.  7. 12. 19.]
[12.  7.  7.  6.  7.  7. 12. 19. 24.]
[12.  7.  7.  6.  7.  7. 12. 19. 24. 30.]
[12.  7.  7.  6.  7.  7. 12. 19. 24. 30. 35.]
[12.  7.  7.  6.  7.  7. 12. 19. 24. 30. 35. 41.]
[12.  7.  7.  6.  7.  7. 12. 19. 24. 30. 35. 41. 47.]
[12.  7.  7.  6.  7.  7. 12. 19. 24. 30. 35. 41. 47. 48.]
[12.  7.  7.  6.  7.  7. 12. 19. 24. 30. 35. 41. 47. 48. 48.]
[12.  7.  7.  6.  7.  7. 12. 19. 24. 30. 35. 41. 47. 48. 48. 44.]
[12.  7.  7.  6.  7.  7. 12. 19. 24. 30. 35. 41. 47. 48. 48. 44. 38.]
[12.  7.  7.  6.  7.  7. 12. 19. 24. 30. 35. 41. 47. 48. 48. 44. 38. 35.]
[12.  7.  7.  6.  7.  7. 12. 19. 24. 30. 35. 41. 47. 48. 48. 44. 38. 35.
 24.]
[12.  7.  7.  6.  7.  7. 12. 19. 24. 30. 35. 41. 47. 48. 48. 44. 38. 35.
 24. 17.]
